Egr1_2580_contig8mers, 26104, 466, 466
EGR2_REF_R1_8mers, 26104, 500, 504
Gata3_1024_contig8mers, 26104, 425, 344
Gata4_8mers_11111111, 26104, 201, 145
Gata5_3768_contig8mers, 26104, 291, 202
Gata6_3769_contig8mers, 26104, 365, 267
Gli1_v015681_8mers_11111111, 26104, 455, 444
Gli2_v015681_8mers_11111111, 26104, 472, 450
Gli3_v015681_8mers_11111111, 26104, 506, 499
HES1_R1, 26104, 190, 148
HES5_R1, 26104, 364, 321
HES7_R1, 26104, 318, 287
Rara_1051_contig8mers, 26104, 231, 265
Rarb_8mers_11111111, 26104, 133, 162
Rarg_8mers_11111111, 26104, 158, 206
Rxra_1035_contig8mers, 26104, 259, 288
Rxrg_8mers_11111111, 26104, 141, 183
Smad3_3805_contig8mers, 26104, 332, 354
TCF4_R1, 26104, 142, 145
GATA_average, 26104, 276, 181
